pygame 2.5.2 (SDL 2.28.2, Python 3.10.12)
Hello from the pygame community. https://www.pygame.org/contribute.html
55: 0.9999999999999999
72: cube1
74: (8, 3)
[200]
[200]
[850]

 
[200]
[-200]
[850]

 
[-200]
[-200]
[850]

 
[-200]
[200]
[850]

 
[200]
[200]
[450]

 
[200]
[-200]
[450]

 
[-200]
[-200]
[450]

 
[-200]
[200]
[450]

 
93: (12, 4)
[0]
[1]
[2]
['white']

 
[2]
[3]
[0]
['#c4c4c4']

 
[6]
[5]
[4]
['yellow']

 
[4]
[7]
[6]
['#ccc627']

 
[5]
[1]
[0]
['red']

 
[0]
[4]
[5]
['#ad1d00']

 
[6]
[7]
[3]
['blue']

 
[3]
[2]
[6]
['#0d0093']

 
[0]
[3]
[7]
['green']

 
[7]
[4]
[0]
['#0d9600']

 
[6]
[2]
[1]
['orange']

 
[1]
[5]
[6]
['#cc6600']

 


72: BlandCube
74: (8, 3)
[200]
[200]
[400]

 
[200]
[-200]
[400]

 
[-200]
[-200]
[400]

 
[-200]
[200]
[400]

 
[200]
[200]
[0]

 
[200]
[-200]
[0]

 
[-200]
[-200]
[0]

 
[-200]
[200]
[0]

 
93: (12, 4)
[0]
[1]
[2]
['white']

 
[2]
[3]
[0]
['#c4c4c4']

 
[6]
[5]
[4]
['white']

 
[4]
[7]
[6]
['#c4c4c4']

 
[5]
[1]
[0]
['white']

 
[0]
[4]
[5]
['#c4c4c4']

 
[6]
[7]
[3]
['white']

 
[3]
[2]
[6]
['#c4c4c4']

 
[0]
[3]
[7]
['white']

 
[7]
[4]
[0]
['#c4c4c4']

 
[6]
[2]
[1]
['white']

 
[1]
[5]
[6]
['#c4c4c4']

 


72: TestArch
74: (16, 3)
[225]
[200]
[450]

 
[225]
[-200]
[450]

 
[650]
[200]
[450]

 
[650]
[-200]
[450]

 
[450]
[300]
[450]

 
[350]
[250]
[450]

 
[-200]
[275]
[450]

 
[-200]
[450]
[450]

 
[225]
[200]
[850]

 
[225]
[-200]
[850]

 
[650]
[200]
[850]

 
[650]
[-200]
[850]

 
[450]
[300]
[850]

 
[350]
[250]
[850]

 
[-200]
[275]
[850]

 
[-200]
[450]
[850]

 
93: (28, 4)
[2]
[0]
[1]
['white']

 
[1]
[3]
[2]
['white']

 
[0]
[2]
[4]
['#c4c4c4']

 
[4]
[5]
[2]
['#c4c4c4']

 
[7]
[6]
[5]
['yellow']

 
[5]
[4]
[7]
['yellow']

 
[9]
[8]
[10]
['#ccc627']

 
[10]
[11]
[9]
['red']

 
[12]
[10]
[8]
['#ad1d90']

 
[10]
[13]
[12]
['blue']

 
[13]
[14]
[15]
['#0d0093']

 
[15]
[12]
[13]
['green']

 
[1]
[9]
[11]
['green']

 
[11]
[3]
[1]
['green']

 
[3]
[11]
[10]
['blue']

 
[10]
[2]
[3]
['blue']

 
[4]
[2]
[10]
['yellow']

 
[10]
[12]
[4]
['yellow']

 
[4]
[15]
[7]
['red']

 
[15]
[4]
[12]
['red']

 
[7]
[15]
[14]
['purple']

 
[14]
[6]
[7]
['purple']

 
[5]
[13]
[8]
['orange']

 
[8]
[0]
[5]
['orange']

 
[14]
[13]
[5]
['pink']

 
[5]
[6]
[14]
['pink']

 
[9]
[1]
[0]
['white']

 
[0]
[8]
[9]
['white']

 


[[[[225.0, 200.0, 521.5000000000002], [225.0, 200.0, 921.5000000000002], [225.0, -200.0, 921.5000000000002]], 255, 2364.500000000001], [[[-200.0, 275.0, 921.5000000000002], [350.0, 250.0, 921.5000000000002], [350.0, 250.0, 521.5000000000002]], 255, 2364.500000000001], [[[225.0, -200.0, 921.5000000000002], [225.0, -200.0, 521.5000000000002], [225.0, 200.0, 521.5000000000002]], 255, 1964.5000000000007], [[[350.0, 250.0, 521.5000000000002], [-200.0, 275.0, 521.5000000000002], [-200.0, 275.0, 921.5000000000002]], 255, 1964.5000000000007], [[[350.0, 250.0, 521.5000000000002], [450.0, 300.0, 521.5000000000002], [-200.0, 450.0, 521.5000000000002]], 255, 1564.5000000000007], [[[-200.0, 450.0, 521.5000000000002], [-200.0, 275.0, 521.5000000000002], [350.0, 250.0, 521.5000000000002]], 255, 1564.5000000000007], [[[450.0, 300.0, 521.5000000000002], [350.0, 250.0, 521.5000000000002], [650.0, 200.0, 521.5000000000002]], 255, 1564.5000000000007], [[[225.0, 200.0, 521.5000000000002], [650.0, 200.0, 521.5000000000002], [450.0, 300.0, 521.5000000000002]], 255, 1564.5000000000007], [[[225.0, -200.0, 521.5000000000002], [650.0, -200.0, 521.5000000000002], [650.0, 200.0, 521.5000000000002]], 255, 1564.5000000000007], [[[650.0, 200.0, 521.5000000000002], [225.0, 200.0, 521.5000000000002], [225.0, -200.0, 521.5000000000002]], 255, 1564.5000000000007], [[[200.0, 200.0, 521.5000000000002], [-200.0, 200.0, 521.5000000000002], [-200.0, -200.0, 521.5000000000002]], 255, 1564.5000000000007], [[[-200.0, -200.0, 521.5000000000002], [200.0, -200.0, 521.5000000000002], [200.0, 200.0, 521.5000000000002]], 255, 1564.5000000000007], [[[200.0, 200.0, 71.50000000000023], [-200.0, 200.0, 71.50000000000023], [-200.0, -200.0, 71.50000000000023]], 255, 214.50000000000068], [[[-200.0, -200.0, 71.50000000000023], [200.0, -200.0, 71.50000000000023], [200.0, 200.0, 71.50000000000023]], 255, 214.50000000000068]]
[((225, 200, 521), (225, 200, 921), (225, -200, 921), 255), ((-200, 275, 921), (350, 250, 921), (350, 250, 521), 255), ((225, -200, 921), (225, -200, 521), (225, 200, 521), 255), ((350, 250, 521), (-200, 275, 521), (-200, 275, 921), 255), ((350, 250, 521), (450, 300, 521), (-200, 450, 521), 255), ((-200, 450, 521), (-200, 275, 521), (350, 250, 521), 255), ((450, 300, 521), (350, 250, 521), (650, 200, 521), 255), ((225, 200, 521), (650, 200, 521), (450, 300, 521), 255), ((225, -200, 521), (650, -200, 521), (650, 200, 521), 255), ((650, 200, 521), (225, 200, 521), (225, -200, 521), 255), ((200, 200, 521), (-200, 200, 521), (-200, -200, 521), 255), ((-200, -200, 521), (200, -200, 521), (200, 200, 521), 255), ((200, 200, 71), (-200, 200, 71), (-200, -200, 71), 255), ((-200, -200, 71), (200, -200, 71), (200, 200, 71), 255)]
